g++ -DLOCAL -std=c++17 -Wshadow -Wall -fsanitize=address -fsanitize=undefined -D_GLIBCXX_DEBUG -O2 -g t.cpp	&& ./a.out
755425794
842871613
626295694
46442850
359738062
524288
256
1
67108864
5920570
1
889529081
256
829984857
1047296
646017322
32
317464698
859570375
147483622
7617
173676201
389001527
766468718
715291188
64
127517934
948354771
695359308
12275617
16777216
584010134
179869031
350240143
2097151
64945117
274459674
1024
743544096
778540670
150591697
777413230
1048576
410426601
511616605
1048575
147477486
4
230553530
583940502
461107059
906943574
33554432
46471522
270586182
377712897
524288
584390021
2097152
8
371772176
675119876
974177390
867350130
448048756
185886088
256
589934520
942849747
230553530
183533224
1
2097152
974177390
1
844428231
589934520
134217728
755747507
409871098
694500768
377712897
1
168153572
438866401
719476124
552133363
1048576
988643305
536870909
224024378
591711758
88637863
375236863
840414535
256
73741815
415376114
134217728
867350130
487088695
64504063
609849061
135480043
2097152
573863139
43405722
8192
261568
694704803
4
976057082
760222038
4194303
173625192
584387205
1024
147483630
1024
185879944
971555950
350178815
433494437
877904478
844428231
755425794
4096
430444888
877903198
223962938
242631658
359738062
556005523
32
371772176
347250384
445427316
262144
8192
359738062
64
630280457
112597724
224024378
132847607
23235761
16777216
971197229
896709533
23235761
1024
185886088
447917684
262144
620011169
8388608
922214120
453003464
16777216
871980264
430384837
185886088
32
388722999
1024
347352402
1
120353069
688856453
922214120
974177390
115653164
115276765
728893990
508230139
422137448
4194304
662315399
133443894
754323472
327866780
294967260
764919551
185324494
840147726
16
261878930
98334529
8192
446156012
33554432
896709532
555896781
224024378
512
92943044
16384
16748544
674989060
8388608
112012189
536870892
8192
337560046
262144
16384
112006045
173612383
124158566
151859228
185886088
86809780
168780033
4194304
755425794
389403455
896097512
4194304
70192038
67108864
956857754
42611397
115276765
755808947
21703149
962391299
561347086
224024378
2048
139607996
850035192
268435456
557638275
589934520
115276765
960201808
689199780
2097152
258101565
755808947
4096
220994807
1
389409599
716857142
88637863
438946095
207688061
112012189
400961011
755802803
92943044
16384
32768
190596964
185886088
185886088
755425794
2048
844428231
46471522
1048576
877904478
584361349
92943044
1024
793419057
168648961
533183936
377712785
230553530
255
67108864
16
1
347352402
398710765
73741815
743544352
23235761
991010969
134217728
115276765
1024
451213978
185296264
818664387
873400245
584390021
922214120
4096
589934520
1
10168813
581768581
898383242
21703149
377712897
179868983
755364354
557638387
73741815
770035180
7805695
256
40966498
778819198
21700333
830752236
936424776
32
793419057
43406298
125
1
512
524642741
1024
557638387
2097151
15659815
750823716
481635448
46471521
13
977737808
1
877904478
371772176
268435456
151358996
734742939
147477486
327866780
64
976057082
423482104
262144
16777216
517783268
16384
208519647
321945917
732896389
294961116
2048
2048
294967260
23235761
165580141
775641454
338705919
826997544
603844035
1045760
1048576
1
734742939
2
589934520
694500768
487088695
262144
721641325
993808299
16384
148909406
389380927
1
337560063
512
43406250
33554432
378925640
448047476
16384
795125765
893247331
962643054
773900290
1
26202423
364884279
24454529
793419057
131069
75546111
73741815
524268
364884279
675120132
511745062
557638131
254514492
536870912
664559200
173611880
922083048
844428231
178623847
1
584383877
193009065
122189861
234105608
278516207
970647387
33554432
294967004
8
268435456
807526940
134217728
1
16
509480074
23235761
268435456
512
778819198
585730731
189275258
512
4194304
516807729
512
652962719
730250963
187303729
510851579
207681917
359738061
778001774
694500768
8192
678355061
2048
584389445
787810320
21701869
294967260
128
622052991
389409599
8192
818664387
32
207686781
443518407
1048576
2
65533
1
400961011
32
896709533
480422958
347250384
351656975
661498335
128
511617885
131072
974177390
950552551
67108864
67108864
524288
185886088
283953
530106710
312554843
589934520
468841675
8
877904478
536870912
1
363269522
377712897
32
394918309
511617885
8192
128
23234481
512
371772176
8192
1
675120132
179279207
16777104
65536
2
8144
147483630
23235761
221091980
2048
654955113
72901030
487088695
4
5976577
49968607
974177390
67108864
801922022
825302499
168780033
470670967
112012189
46471522
8
1
461107060
32
268435456
753885806
670673440
338999544
593584580
23174321
208363094
86812596
869319790
370526992
86812596
370526992
92943044
67108864
2048
173625192
743544352
743544352
8192
1
64
224024378
755808947
134217728
67108864
510261755
16384
615945822
397717108
2097152
511617885
877904478
323007669
64
2
545876226
292747771
115276765
185886088
1
16384
694938823
116108920
46471522
557638387
2048
1490
840147726
23235761
633827773
260413034
586838105
67108864
355411651
173676201
268984888
896709533
586776665
609849061
389409599
701673900
766053390
16777216
437707055
46471522
898096872
743544352
389409599
589934520
584068758
844428231
1033622
295526606
15
16384
859570375
359738062
768359659
377467191
294905820
16384
778819198
65535
359738062
1
200055320
916760387
146238464
2097152
32768
8
2097152
646011754
778819198
877904478
59582285
355807538
77164756
1048576
8192
654955113
755808947
2048
111862355
8192
8388608
16777216
930621214
168777217
743544352
65536
894852328
800953612
602835932
389409599
205756789
185883272
359738062
1024
92943044
974177390
487088695
377712894
171501135
700480510
244804400
934237688
510851579
1024
32
1
2097152
342381909
350240255
26202423
33554432
896709533
131072
389426675
173625192
987
464209466
844427975
883523809
948354771
487060023
793419057
844428231
